,actual,predicted
0,1891.5000072717667,1892.503831744194
1,1892.5999698638916,1893.2939789295197
2,1889.9000290632248,1893.9892694950104
3,1884.000003695488,1894.6650812625885
4,1886.199954509735,1895.4797050952911
5,1890.9999916553497,1896.186939239502
6,1917.5999817848206,1896.8661085367203
7,1918.6999443769455,1898.8779351711273
8,1918.9999947547913,1901.0426959991455
9,1938.0999813079834,1903.1749579906464
10,1940.9999898672104,1905.9575299024582
11,1941.999995470047,1909.0192124843597
12,1937.9999986886978,1912.2563836574554
13,1946.9999978542328,1915.2273616790771
14,1939.0000042915344,1918.033103108406
15,1946.500007867813,1920.6380591392517
16,1946.300042629242,1923.0319521427155
17,1946.8000582456589,1925.5141917467117
18,1944.4000140428543,1927.7882132530212
19,1945.9999922513962,1929.983986377716
20,1974.1999605894089,1931.9945315122604
21,1984.0000001192093,1935.7737258672714
22,1980.00000333786,1939.8284170627594
23,1982.8000549077988,1943.5986152887344
24,1980.4999933242798,1946.988900065422
25,1959.9000368118286,1950.0231585502625
26,1941.3000402450562,1953.2989284992218
27,1946.500007867813,1956.349846482277
28,1954.9999914169312,1958.8920090198517
29,1946.9000152349472,1960.9531477689743
30,1954.0000114440918,1962.5598666667938
31,1950.999994635582,1963.7412557601929
32,1949.19994866848,1964.6233377456665
33,1954.9999914169312,1965.2936903238297
34,1955.500007033348,1966.1859217882156
35,1961.0999820232391,1967.2185543775558
36,1968.4000203609467,1968.4318784475327
37,1969.8000589609146,1969.7353175878525
38,1966.300052165985,1971.1729041337967
39,1975.09998357296,1972.4958733320236
40,1983.400027513504,1973.9078555107117
41,1984.8000404834747,1975.666150212288
42,1972.999989748001,1977.6622912883759
43,1967.8000477552414,1979.6068135499954
44,1977.5000021457672,1981.357547402382
45,1981.599981546402,1983.0177048444748
46,1982.9999945163727,1984.5382556915283
47,1977.9000351428986,1986.0400710105896
48,1977.5999847650528,1987.6436630487442
49,1984.9000231027603,1989.1403267383575
50,1978.3000425100327,1990.6010315418243
51,1980.3000537157059,1992.0946196317673
52,1983.1999597549438,1993.5241070985794
53,1980.699958562851,1994.8891351222992
54,1985.40001308918,1996.2466535568237
55,1982.500004529953,1997.6009426116943
56,1986.0000113248825,1998.9600244760513
57,2007.8000411987305,2000.2814815044403
58,2017.0000056028366,2003.343189716339
59,2007.4000338315964,2006.0329554080963
60,1994.3000552654266,2008.689709663391
61,1984.499990105629,2011.1338630914688
62,1993.499989271164,2013.292857170105
63,1986.800051689148,2015.0717071294785
64,1986.9000343084335,2016.524492263794
65,1984.0000001192093,2017.5868043899536
66,1990.0000081062317,2018.309877872467
67,1988.800037264824,2018.5381898880005
68,1972.1999493837357,2018.8624093532562
69,1964.9000135660172,2019.3310794830322
70,1969.4000259637833,2019.517665863037
71,1972.999989748001,2019.7080454826355
72,1975.6999561786652,2019.9400482177734
73,1979.4999877214432,2020.269701242447
74,1976.5999791622162,2020.513955116272
75,1975.6999561786652,2020.728273153305
76,1978.9999977350235,2020.8502719402313
77,1984.0999827384949,2020.8064959049225
78,1979.6999529600143,2020.7549796104431
79,1980.4000363349915,2020.4047713279724
80,1971.9000271558762,2019.786268234253
81,1964.9999961853027,2018.5070238113403
82,1972.999989748001,2017.5668642520905
83,1974.3000457286835,2016.802834033966
84,1968.099969983101,2016.1029044389725
85,1976.000006556511,2015.4444698095322
86,1972.4000171422958,2014.7756806612015
87,1977.0999691486359,2014.4054553508759
88,1969.900015950203,2014.3149814605713
89,1966.099984407425,2014.3079332113266
90,1971.699959397316,2014.3603465557098
91,1969.900015950203,2014.414784669876
92,1967.9999873638153,2014.4634047746658
93,1970.4999885559082,2014.459380865097
94,1973.0999723672867,2014.347608447075
95,1973.500005364418,2014.1903171539307
96,1977.0000121593475,2013.9546749591827
97,1969.9999985694885,2013.6702332496643
98,1967.000007390976,2013.3062360286713
99,1948.6999586820602,2012.8975913524628
100,1953.4000132083893,2012.5005826950073
101,1959.6999434232712,2011.9263682365417
102,1963.0000106096268,2011.3209364414215
103,1962.8000453710556,2010.8748463392258
104,1972.9000327587128,2010.4839119911194
105,1969.0999755859375,2010.1402393579483
106,1972.0000097751617,2009.8454687595367
107,1977.5000021457672,2009.438310623169
108,1977.300036907196,2009.1309813261032
109,1981.999988913536,2009.0009603500366
110,1982.900011897087,2008.8050190210342
111,1982.5999871492386,2008.6535713672638
112,1986.0999683141708,2008.4255412817001
113,1987.9999969005585,2008.0643377304077
114,1994.0000048875809,2007.5464580059052
115,1986.0000113248825,2006.9870064258575
116,1981.3000593185425,2006.2414041757584
117,1977.999992132187,2005.157588481903
118,1975.0000009536743,2003.1034210920334
119,1966.5999743938446,2001.9047317504883
120,1971.5999767780304,2000.938532114029
121,1972.999989748001,2000.144002199173
122,1971.4000371694565,1999.5323679447174
123,1968.300037741661,1999.0459874868393
124,1964.4000235795975,1998.5933104753494
125,1963.099967598915,1998.2042471170425
126,1961.3000497817993,1997.7207372188568
127,1957.0000026226044,1997.1806362867355
128,1955.9999970197678,1996.8093601465225
129,1962.9000279903412,1996.2204596996307
130,1962.4999949932098,1995.8083037137985
131,1961.800039768219,1995.4766515493393
132,1958.000008225441,1995.1103732585907
133,1961.3000497817993,1994.7263333797455
134,1962.199944615364,1994.3699226379395
135,1962.199944615364,1993.9832684993744
136,1966.499991774559,1993.6118898391724
137,1964.4000235795975,1993.2535824775696
138,1967.5999799966812,1992.8851512670517
139,1973.9999953508377,1992.7088681459427
140,1964.9999961853027,1992.6570442914963
141,1961.0999820232391,1992.5509104728699
142,1959.999993801117,1992.4535933732986
143,1955.4000244140625,1992.3568145036697
144,1954.9999914169312,1992.2958920001984
145,1954.6999410390854,1992.1902964115143
146,1954.400018811226,1992.0612493753433
147,1960.8000597953796,1991.860669016838
148,1956.9000200033188,1991.8191484212875
149,1964.0999732017517,1991.70742726326
150,1958.199947834015,1991.645351409912
151,1954.0000114440918,1991.525095462799
152,1952.0999828577042,1991.332819223404
153,1957.0000026226044,1991.1262670755386
154,1954.9999914169312,1990.859715104103
155,1955.9999970197678,1990.5233982801437
156,1943.4999910593033,1990.1260820627213
157,1945.0000122785568,1989.8152158260345
158,1944.49999666214,1989.5045289993286
159,1949.6999386548996,1989.1522446870804
160,1947.6999530792236,1988.7950650453568
161,1955.9999970197678,1988.5520926713943
162,1951.6999498605728,1988.393878698349
163,1951.6999498605728,1988.1277624368668
164,1954.8000518083572,1987.7640471458435
165,1949.0999660491943,1987.3157016038895
166,1949.9999890327454,1986.818454027176
167,1954.0000114440918,1986.2862471342087
168,1950.5000046491623,1985.5781928300858
169,1952.40003323555,1984.8043463230133
170,1950.999994635582,1984.0493634939194
171,1950.1999542713165,1983.2076743841171
172,1949.9999890327454,1982.4067113399506
173,1951.500010251999,1981.5070984363556
174,1954.0000114440918,1980.5325434207916
175,1958.9999881982803,1979.4692060947418
176,1958.000008225441,1978.737700343132
177,1953.0000058412552,1978.1893465518951
178,1949.9999890327454,1977.6859221458435
179,1952.0000002384186,1977.231963634491
180,1956.8000373840332,1976.7765185832977
181,1958.5999808311462,1976.4608595371246
182,1957.3000530004501,1976.2041494846344
183,1962.8000453710556,1975.965739250183
184,1951.6999498605728,1975.819878935814
185,1953.0000058412552,1975.7099006175995
186,1943.9000240564346,1975.5584273338318
187,1943.1999406814575,1975.5174193382263
188,1947.599970459938,1975.3338060379028
189,1943.1999406814575,1975.2171895503998
190,1939.4000116586685,1975.00330722332
191,1944.9000296592712,1974.873747587204
192,1954.0000114440918,1974.7625646591187
193,1956.599969625473,1974.6779600381851
194,1958.0999652147293,1974.7062299251556
195,1958.900031208992,1974.8141322135925
196,1957.8000429868698,1974.914909362793
197,1963.099967598915,1974.8785916566849
198,1960.5999664068222,1974.8946360349655
199,1953.4000132083893,1974.9319789409637
200,1958.0999652147293,1974.9960026741028
201,1961.3000497817993,1975.1529607772827
202,1968.999992966652,1975.320888519287
203,1966.300052165985,1975.6367526054382
204,1965.3000465631485,1976.1305145025253
205,1963.9000335931778,1976.497407913208
206,1966.0000017881393,1976.7429945468903
207,1964.9000135660172,1976.90387403965
208,1958.8000485897064,1977.2471622228622
209,1963.0000106096268,1977.5207624435425
210,1964.9999961853027,1977.7138588428497
211,1963.9999905824661,1977.9893556833267
212,1963.0000106096268,1978.237069606781
213,2029.699951171875,1978.4907809495926
214,1967.6999626159668,1978.908934354782
215,1957.9000256061554,1980.6137392520905
216,1976.8000469207764,1982.2622094154358
217,1995.0000104904175,1983.861316204071
218,1974.0999779701233,1985.4212859869003
219,1966.1999413967133,1987.044408082962
220,1959.9000368118286,1988.408231496811
221,1956.9000200033188,1989.3827608823776
222,1941.099972486496,1990.0850484371185
223,1909.3000403642654,1990.7874128818512
224,1905.5999658107758,1991.3282314538956
225,1910.6999508142471,1991.737670660019
226,1913.8000527620316,1991.9408396482468
227,1915.4999879598618,1991.9663927555084
228,1917.0999661684036,1991.894039273262
229,1931.9999907016754,1991.7219338417053
230,1925.800043106079,1991.656372308731
231,1932.5999633073807,1991.5800461769104
232,1926.49999833107,1991.4602003097534
233,1917.9999891519547,1991.4365181922913
234,1915.8000383377075,1991.290145277977
235,1918.9999947547913,1991.0115728378296
236,1917.499999165535,1990.6573150157928
237,1917.9999891519547,1990.3057483434677
238,1915.3000483512878,1989.919632434845
239,1913.3000371456146,1989.514473438263
240,1907.599977016449,1989.0491864681244
241,1893.8000432252884,1988.4952709674835
242,1897.699954867363,1987.9949734210968
243,1887.5999674797058,1987.418401002884
244,1888.0000004768372,1986.7759594917297
245,1886.9999948740005,1986.0571918487549
246,1893.000002861023,1985.3485224246979
247,1893.1999424695969,1984.5347187519073
248,1888.0000004768372,1983.8289711475372
249,1890.1999512910843,1983.1047186851501
250,1889.099963068962,1982.271231174469
251,1885.0000092983246,1981.2893203496933
252,1881.9000355005264,1980.3048721551895
253,1867.59998357296,1979.2575023174286
254,1872.9999933242798,1978.082136273384
255,1876.0000101327896,1976.8701705932617
256,1875.5999771356583,1975.6374702453613
257,1878.6999509334564,1974.3752185106277
258,1861.499992966652,1972.9756412506104
259,1863.800054550171,1971.5941075086594
260,1866.4000127315521,1970.1515231132507
261,1863.9999941587448,1968.636303305626
262,1863.1999537944794,1967.0384267568588
263,1868.900013923645,1965.2825669050217
264,1869.5000121593475,1963.502179145813
265,1869.5999691486359,1961.947489142418
266,1858.9000347852707,1960.3555331230164
267,1870.1999417543411,1958.7137523889542
268,1877.8000560998917,1956.7970643043518
269,1877.9999957084656,1955.160794019699
270,1877.0999727249146,1953.3956048488617
271,1877.9999957084656,1951.3715527057648
272,1869.400029540062,1949.0141055583954
273,1883.9000210762024,1946.1576167345047
274,1889.0000060796738,1942.629468202591
275,1892.9000202417374,1938.2030395269394
276,1895.19995367527,1934.891977071762
277,1895.4000214338303,1931.816787481308
278,1894.0000084638596,1929.027013540268
279,1888.0999830961227,1926.4997420310974
280,1890.699941277504,1924.4027981758118
281,1901.5000120401382,1922.6855883598328
282,1909.9000129699707,1921.1387667655945
283,1908.0000100135803,1919.842452764511
284,1905.6999484300613,1918.9217720031738
285,1898.4999952316284,1918.1949821710587
286,1900.9999964237213,1917.6527539491653
287,1898.0000052452087,1917.068851351738
288,1897.300050020218,1916.3210705518723
289,1896.1999592781067,1915.5337682962418
290,1905.5000088214874,1914.4567958116531
291,1908.1999496221542,1913.524709701538
292,1908.5,1912.7959719896317
293,1914.999997973442,1912.010873913765
294,1918.5000047683716,1911.5707043409348
295,1913.9999923706055,1911.3779155015945
296,1911.1999408006668,1911.210782289505
297,1913.9999923706055,1911.2012991905212
298,1917.9000321626663,1911.084657073021
299,1923.099974155426,1911.0241702795029
300,1922.5000015497208,1911.019018650055
301,1928.9000169038773,1911.0952166318893
302,1923.999997138977,1911.4000854492188
303,1922.0999685525894,1911.9812200069427
304,1926.9999883174896,1912.5372371673584
305,1929.9000225067139,1913.2080254554749
306,1927.3000386953354,1913.9227948188782
307,1927.5999865531921,1914.5883033275604
308,1918.5999873876572,1915.2035257816315
309,1910.800061583519,1915.9061977863312
310,1912.9000297784805,1916.6350380182266
311,1915.4999879598618,1917.263741850853
312,1918.3000395298004,1917.7712157964706
313,1913.5000023841858,1918.2285830974579
314,1915.0999805927277,1918.7622252702713
315,1919.9000177383423,1919.2793873548508
316,1919.699949979782,1919.8873052597046
317,1922.000011563301,1920.5277988910675
318,1925.0000027418137,1921.164909362793
319,1926.0000083446503,1921.8590978384018
320,1927.9999939203262,1922.7169851064682
321,1924.699952363968,1923.6377427577972
322,1924.1999623775482,1924.545531630516
323,1921.1999455690384,1925.416720867157
324,1920.4999903440475,1926.2579230070114
325,1921.4000133275986,1926.991837978363
326,1922.5000015497208,1927.696047782898
327,1919.0999773740768,1928.318241596222
328,1918.9999947547913,1928.9099613428116
329,1926.49999833107,1929.3753508329391
330,1926.49999833107,1929.8639611005783
331,1929.0999821424484,1930.4058048725128
332,1925.6999579668045,1931.117626786232
333,1930.0000051259995,1931.7443314790726
334,1934.40003490448,1932.3375121355057
335,1936.1999527215958,1932.855776309967
336,1940.4999998807907,1933.4893242120743
337,1935.0000075101852,1934.2055288553238
338,1931.9999907016754,1934.901280760765
339,1930.0000051259995,1935.507686495781
340,1928.9999995231628,1936.0604486465454
341,1925.0000027418137,1936.5260175466537
342,1925.0000027418137,1936.840984582901
343,1926.8000487089157,1937.0169088840485
344,1926.49999833107,1937.2515515089035
345,1926.9999883174896,1937.5493208169937
346,1925.400035738945,1937.8798965215683
347,1925.4999927282333,1938.216444015503
348,1920.900023341179,1938.5272589921951
349,1923.5999641418457,1938.8523242473602
350,1924.8000375032425,1939.1037545204163
351,1926.0999653339386,1939.2570219039917
352,1927.400021314621,1939.3177649974823
353,1926.9000313282013,1939.366692662239
354,1926.0000083446503,1939.3470857143402
355,1925.6999579668045,1939.2771158218384
356,1925.1999423503876,1939.2248306274414
357,1925.3000531196594,1939.1891536712646
358,1924.500012755394,1939.1540662050247
359,1921.80004632473,1938.9990816116333
360,1924.4000301361084,1938.7890437841415
361,1925.599975347519,1938.513905763626
362,1925.0000027418137,1938.159904241562
363,1922.199951171875,1937.9245439767838
364,1921.5999785661697,1937.7431092262268
365,1919.5000103712082,1937.580999493599
366,1918.9999947547913,1937.3815981149673
367,1918.6999443769455,1937.2174892425537
368,1919.1999599933624,1937.0534572601318
369,1917.9999891519547,1936.898036956787
370,1913.9999923706055,1936.8193784952164
371,1911.900024175644,1936.8274775743484
372,1913.5999850034714,1936.8236074447632
373,1914.999997973442,1936.7905960083008
374,1917.499999165535,1936.7499468326569
375,1917.9999891519547,1936.6908696889877
376,1918.9999947547913,1936.5811220407486
377,1917.499999165535,1936.461609363556
378,1920.0000003576279,1936.313749909401
379,1920.0999829769135,1936.1549208164215
380,1923.9000145196915,1936.0054723024368
381,1922.3000363111496,1935.862277507782
382,1919.699949979782,1935.76114153862
383,1921.6999611854553,1935.679817557335
384,1918.3000395298004,1935.6106165647507
385,1916.6999588012695,1935.5747858285904
386,1917.8000495433807,1935.5123255252838
387,1915.0999805927277,1935.4109845161438
388,1918.1999543905258,1935.2648935317993
389,1917.9000321626663,1935.0544199943542
390,1914.099974989891,1934.7622380256653
391,1915.8000383377075,1934.460419178009
392,1915.3000483512878,1934.0085110664368
393,1914.999997973442,1933.602378129959
394,1914.999997973442,1933.1107947826385
395,1914.1999576091766,1932.5677976608276
396,1912.4000141620636,1931.9908151626587
397,1913.9999923706055,1931.4961049556732
398,1916.40003657341,1931.055115222931
399,1920.0000003576279,1930.7242319583893
400,1917.9999891519547,1930.4265395402908
401,1922.9999915361404,1930.1909229755402
402,1921.4999959468842,1930.0234822034836
403,1920.0000003576279,1929.9035081863403
404,1925.6999579668045,1929.77856194973
405,1922.5000015497208,1929.6605614423752
406,1926.0000083446503,1929.5757774114609
407,1922.5000015497208,1929.5195451974869
408,1921.1999455690384,1929.456034064293
409,1921.5999785661697,1929.3545649051666
410,1921.4999959468842,1929.3137875795364
411,1922.4000189304352,1929.2445865869522
412,1924.900020122528,1929.1721305847168
413,1922.5999841690063,1929.1096702814102
414,1923.4000245332718,1929.057256937027
415,1922.9999915361404,1929.0038183927536
416,1922.000011563301,1928.9540193080902
417,1920.1999399662018,1928.9056298732758
418,1924.699952363968,1928.8557795286179
419,1923.6999467611313,1928.8261256217957
420,1929.3000499010086,1928.8104400634766
421,1928.9999995231628,1928.8330969810486
422,1926.0999653339386,1928.934386730194
423,1928.9000169038773,1929.0156594514847
424,1932.3000410795212,1929.096188902855
425,1932.9000136852264,1929.237384557724
426,1935.9999874830246,1929.4954017400742
427,1939.8000446557999,1929.812137246132
428,1937.300043463707,1930.2185008525848
429,1935.0000075101852,1930.6936297416687
430,1933.4000293016434,1931.1088100671768
431,1932.5000063180923,1931.4820084571838
432,1931.000010728836,1931.8643054962158
433,1928.4000269174576,1932.185936331749
434,1929.0999821424484,1932.4821165800095
435,1930.800045490265,1932.7391085624695
436,1931.000010728836,1932.9619870185852
437,1929.1999391317368,1933.1675139665604
438,1928.699949145317,1933.354074716568
439,1927.1999535560608,1933.5089311599731
440,1927.5000039339066,1933.687418460846
441,1931.000010728836,1933.832561135292
442,1933.0999789237976,1933.9984384775162
443,1931.5999833345413,1934.2073229551315
444,1931.000010728836,1934.4247678518295
445,1935.9000304937363,1934.6582058668137
446,1937.0999757051468,1934.963971734047
447,1936.9999930858612,1935.3942737579346
448,1937.300043463707,1935.7954857349396
449,1936.9999930858612,1936.2128702402115
450,1936.9999930858612,1936.6118780374527
451,1943.0000010728836,1936.9755164384842
452,1944.0000066757202,1937.569671034813
453,1949.9999890327454,1938.1856880187988
454,1947.6999530792236,1938.9486674070358
455,1940.000009894371,1939.7872296571732
456,1937.0999757051468,1940.5662534236908
457,1932.3000410795212,1941.2583914995193
458,1935.0000075101852,1941.8766382932663
459,1937.300043463707,1942.3372606039047
460,1934.0000019073486,1942.7324495315552
461,1930.0000051259995,1943.0725852251053
462,1929.4000325202942,1943.3754805326462
463,1928.9999995231628,1943.653079032898
464,1929.0999821424484,1943.8746503591537
465,1932.5000063180923,1944.0413734912872
466,1930.9000281095505,1944.1990492343903
467,1932.6999459266663,1944.3496767282486
468,1935.499997496605,1944.5225254297256
469,1937.800059080124,1944.717057108879
470,1947.199963092804,1944.9416015148163
471,1947.8000382184982,1945.2900669574738
472,1950.5000046491623,1945.7375410795212
473,1949.9999890327454,1946.3354120254517
474,1943.800041437149,1946.9901559352875
475,1943.0000010728836,1947.6436952352524
476,1948.0000034570694,1948.1942275762558
477,1954.1999510526657,1948.7007019519806
478,1957.1999422311783,1949.295830488205
479,1954.0999684333801,1949.99145424366
480,1951.4000276327133,1950.6808755397797
481,1949.9999890327454,1951.257704257965
482,1958.000008225441,1951.7120215892792
483,1957.6999578475952,1952.2241345643997
484,1963.8000509738922,1952.7279434204102
485,1958.5999808311462,1953.3617988824844
486,1957.5999752283096,1953.9672050476074
487,1960.8000597953796,1954.5286045074463
488,1950.999994635582,1955.0519434213638
489,1955.9999970197678,1955.6307969093323
490,1950.999994635582,1956.213212966919
491,1949.000009059906,1956.7506996393204
492,1947.9000208377838,1957.2952089309692
493,1948.5999760627747,1957.8280565738678
494,1947.0999804735184,1958.304646372795
495,1949.3000594377518,1958.742355465889
496,1945.9999922513962,1959.1437981128693
497,1946.500007867813,1959.5160225629807
498,1937.1999583244324,1959.8448297977448
499,1940.000009894371,1960.241505265236
500,1941.099972486496,1960.5557290315628
501,1937.800059080124,1960.8320716619492
502,1939.09998691082,1961.0251936912537
503,1944.4000140428543,1961.1449370384216
504,1940.000009894371,1961.2578628063202
505,1940.0999668836594,1961.3535652160645
506,1938.9000216722488,1961.3615617752075
507,1937.0999757051468,1961.32075881958
508,1937.9999986886978,1961.3357011079788
509,1939.499994277954,1961.287465453148
510,1937.800059080124,1961.204449892044
511,1932.099973320961,1961.038982629776
512,1937.1999583244324,1960.7363179922104
513,1933.0999789237976,1960.4566690921783
514,1932.5000063180923,1960.1367554664612
515,1934.1999415159225,1959.8662564754486
516,1932.999996304512,1959.704582452774
517,1935.0000075101852,1959.5947066545486
518,1929.4999895095825,1959.522635102272
519,1932.999996304512,1959.5631304979324
520,1935.0999644994736,1959.5559540987015
521,1934.0999845266342,1959.5687690973282
522,1931.9999907016754,1959.5839676856995
523,1930.6999603509903,1959.6090594530106
524,1930.0000051259995,1959.6400204896927
525,1920.4999903440475,1959.6304861307144
526,1923.5999641418457,1959.6533224582672
527,1925.9000257253647,1959.6012935638428
528,1925.599975347519,1959.4427464008331
529,1926.4000157117844,1959.1819868087769
530,1931.9999907016754,1958.8191685676575
531,1926.0000083446503,1958.3519849777222
532,1930.0000051259995,1957.8529433012009
533,1928.5000095367432,1957.3223510980606
534,1926.699963569641,1956.8097767829895
535,1919.9000177383423,1956.3206795454025
536,1919.800060749054,1955.8685663938522
537,1922.8000519275665,1955.3078589439392
538,1922.9999915361404,1954.613926768303
539,1922.000011563301,1953.8786534070969
540,1922.8000519275665,1953.1913594007492
541,1922.000011563301,1952.5080124139786
542,1918.400022149086,1951.7929354906082
543,1916.9000265598297,1950.969751238823
544,1924.4000301361084,1950.0566056966782
545,1927.5000039339066,1949.1087827682495
546,1929.8000398874283,1948.3068714141846
547,1928.9999995231628,1947.6379797458649
548,1927.5000039339066,1946.9740602970123
549,1927.9999939203262,1946.3340023756027
550,1928.9000169038773,1945.8619747161865
551,1930.099987745285,1945.394662976265
552,1932.6999459266663,1944.9388078451157
553,1929.9000225067139,1944.5542553663254
554,1928.0999765396118,1944.2077634334564
555,1931.19995033741,1943.8546845912933
556,1929.8000398874283,1943.510166168213
557,1928.0999765396118,1943.1681594848633
558,1931.5999833345413,1942.885563135147
559,1925.1999423503876,1942.6859567165375
560,1923.3000419139862,1942.5673154592514
561,1923.4000245332718,1942.4158421754837
562,1925.6999579668045,1942.2223613262177
563,1925.0000027418137,1942.0033786296844
564,1925.6999579668045,1941.7321107387543
565,1920.4999903440475,1941.4632264375687
566,1917.8000495433807,1941.266234278679
567,1914.3000427484512,1941.0897461175919
568,1918.9999947547913,1940.9212288856506
569,1919.5000103712082,1940.7230577468872
570,1915.4999879598618,1940.5025885105133
571,1916.599976181984,1940.2548233270645
572,1915.3000483512878,1939.9815306663513
573,1915.699953198433,1939.7197971343994
574,1918.1999543905258,1939.459729552269
575,1914.999997973442,1939.322788476944
576,1918.0999717712402,1939.1890511512756
577,1917.0000091791153,1939.052853345871
578,1910.0999782085419,1938.9220122098923
579,1908.0999670028687,1938.8008848428726
580,1908.1999496221542,1938.6375448703766
581,1908.0000100135803,1938.3589724302292
582,1908.0000100135803,1938.0497977733612
583,1909.5999882221222,1937.796522140503
584,1908.0000100135803,1937.4718925952911
585,1907.0999870300293,1937.1572587490082
586,1908.9999899864197,1936.7779347896576
587,1911.000001192093,1936.5078715085983
